File ADT# Time#1   Time#2   Time#3   Ignore
File1 1   0.1     0.11     0.11     0      
File2 1   63.53     62.99     63.6     0      
File3 1   0.07     0.09     0.08     0      
File4 1   33.82     33.55     33.62     0      
File1 2   0.08     0.09     0.08     0      
File2 2   301.6     301.43     301.58     0      
File3 2   0.1     0.11     0.1     0      
File4 2   151.62     196.71     170.85     0      
File1 3   0.07     0.06     0.07     0      
File2 3   0.07     0.06     0.07     0      
File3 3   0.06     0.07     0.07     0      
File4 3   0.07     0.07     0.06     0      
File1 4   0.09     0.1     0.1     0      
File2 4   0.07     0.08     0.08     0      
File3 4   0.07     0.08     0.07     0      
File4 4   0.08     0.08     0.08     0      
File1 5   0.07     0.08     0.07     0      
File2 5   0.07     0.07     0.07     0      
File3 5   0.07     0.06     0.08     0      
File4 5   0.07     0.07     0.08     0      
File1 6   0.33     0.33     0.32     0      
File2 6   0.22     0.23     0.24     0      
File3 6   0.26     0.28     0.28     0      
File4 6   0.41     0.45     0.43     0      
